                Class     Images  Instances      Box(P          R      mAP50  mAP50-95): 100%|██████████| 207/207 [00:34<00:00,  6.04it/s]
                   all       6620      52175      0.831      0.545      0.589      0.454
                 Apple       1232       2135      0.844      0.884      0.903      0.684
                Banana       1428       1868      0.909      0.875       0.93       0.71
               Cabbage        150        183      0.699      0.915      0.903      0.795
              Capsicum        148        242      0.706      0.795      0.807      0.702
                Tomato       1634       2541      0.834      0.847      0.891      0.657
                 Beans         26        642      0.908      0.108      0.442      0.265
                Carrot        820        992      0.927      0.881      0.927      0.676
              Cucumber        187        383      0.716      0.661      0.695      0.348
                Orange        296        704      0.856      0.838      0.871       0.61
             Asparagus         61         61      0.678      0.607      0.692      0.462
               Avocado        109        189      0.806      0.616      0.681      0.462
                  Beef        474        483       0.94      0.904      0.942      0.707
           Bell_pepper        123        204      0.711      0.615      0.679      0.488
                 Bento        115        115      0.977          1      0.994      0.831
           Blueberries        669        669       0.95      0.952      0.972       0.68
                Bottle         74        201      0.461      0.562      0.375       0.29
                 Bread        630       1085      0.758      0.862      0.838      0.672
              Broccoli        108        138       0.76      0.529       0.61      0.516
                Butter        776        863      0.974       0.83      0.874      0.693
                   Can         97         97      0.571       0.92      0.577      0.476
           Cauliflower          4         16          1          0      0.602      0.394
                Cheese       1386       1521        0.9       0.78      0.857      0.633
               Chicken        773        773      0.981      0.979      0.988      0.819
        Chicken_breast        389        389      0.906      0.969      0.983      0.697
             Chocolate        244        244      0.879      0.919      0.947      0.614
                Coffee        221       2954      0.985     0.0442      0.143      0.125
                  Corn        790        790      0.956      0.919       0.97      0.735
                   Egg        941       3440      0.666      0.731       0.74      0.497
                  Eggs        317        331      0.455      0.637      0.408      0.283
          Energy_drink         79         79       0.44      0.895      0.557      0.468
                  Fish         10         10      0.892        0.7      0.762      0.734
                 Flour        746        908      0.978      0.938      0.989      0.729
                Garlic         60         79      0.658       0.81      0.797      0.472
           Goat_cheese        417        417      0.991      0.935      0.979      0.679
                Grapes         51         86      0.787      0.895      0.914      0.749
         Grated_cheese        148        172      0.803      0.715      0.766      0.571
           Green_beans        814        814      0.945      0.979      0.987      0.723
           Ground_beef        405        407      0.954      0.939      0.968       0.74
             Guacamole         76         76      0.822      0.842      0.858      0.656
                   Ham        345        348      0.969      0.951      0.976      0.659
           Heavy_cream        753        759      0.953      0.916      0.971      0.727
                 Humus         92        131      0.723       0.87       0.83      0.555
                 Juice         38         38          1          0     0.0678     0.0516
                  Leek         44         46      0.736      0.761      0.821      0.639
                 Lemon        375        536      0.819      0.837      0.891      0.674
               Lettuce         17         18      0.733      0.155      0.251      0.193
                  Lime        591        651      0.961       0.94      0.966       0.71
                 Mango         42         42      0.774      0.814      0.828      0.666
             Marmelade         82         98      0.749      0.745      0.813      0.615
             Mayonaise         65         65      0.777      0.481      0.639       0.43
                  Milk       1195       1584      0.927      0.907      0.945      0.752
             Mushrooms        732        759      0.981      0.942      0.977       0.73
                 Onion        745        800      0.961      0.927      0.949       0.73
              Pak_choi         50         59      0.825      0.847      0.902      0.561
               Parsley         11         15          1          0     0.0672     0.0491
                 Peach          3          6          1          0       0.11     0.0977
                  Pear         34         70      0.633      0.871      0.784      0.459
             Pineapple        124        124      0.692      0.782      0.812      0.668
     Plasticsaveholder          8         88          0          0     0.0979     0.0247
                Potato        992        996      0.975      0.974      0.984      0.737
              Potatoes         10         10          1          0     0.0475     0.0409
               Pudding        197        197      0.992      0.995      0.991      0.796
           Red_cabbage          3          3          0          0          0          0
             Rice_ball        135        137          1      0.975      0.988      0.757
                 Salad        225        268      0.831      0.765      0.842      0.635
              Sandwich        167        170      0.991      0.971      0.988       0.79
               Sausage        117        123      0.678      0.427      0.515      0.404
                Shrimp        832        832      0.961      0.959      0.983      0.647
              Smoothie        135        135      0.986          1      0.995      0.824
               Spinach        760        760      0.971       0.98      0.989       0.79
          Spring_onion          1          1          0          0          0          0
          Strawberries       1025       1065       0.95       0.96      0.978      0.752
                 Sugar        846       1021      0.972      0.969      0.989      0.813
          Sweet_potato        651        710      0.967      0.962      0.986      0.753
                 Tea_a         71         71      0.542      0.468       0.58      0.494
                 Tea_i         71         71      0.557      0.884      0.599      0.477
          Tomato_sauce        116        124      0.762      0.672      0.713      0.555
             Tortillas         73         73      0.815      0.808      0.885      0.739
                Turkey         23         23      0.344      0.739      0.748      0.571
            Watermelon         19         71      0.832      0.775       0.86       0.69
                Yogurt        496       1077      0.811       0.72      0.793      0.561
                     -          1          8          0          0          0          0
             Artichoke          1          2          1          0          0          0
              Beetroot          1          5          1          0        0.2        0.2
          Blackberries          2          2          1          0          0          0
                  Book        165        259      0.926       0.87      0.929        0.8
       Brussel sprouts          1          2          1          0          0          0
            Cantaloupe          9         40          1     0.0949      0.612      0.479
               Carrots        169        299      0.564      0.672      0.608      0.445
             Cerealbox         33         56      0.265      0.964      0.317      0.271
             Detergent        103        936      0.904      0.944      0.948      0.757
                Drinks        306       7426      0.823      0.955      0.938      0.778
              Eggplant          6          6      0.674      0.347      0.617      0.355
                 Galia          3         13          1          0      0.109     0.0917
              Honeydew          2          6          1          0     0.0184     0.0165
                  Meat        232        782      0.731      0.836      0.818       0.58
              Mushroom          4          4          1          0          0          0
             Nectarine          2         25          1          0      0.218      0.199
               Oranges          2          2          1          0      0.398      0.241
           Pomegranate          1          3          0          0          0          0
                 Sauce         18         28      0.732     0.0714      0.236       0.21
                Squash          2          3      0.305      0.333      0.186     0.0899
            Strawberry          3          3          1          0    0.00624    0.00624
                  Tofu          6          6          1          0      0.503      0.431
              Tomatoes         27         61      0.311     0.0164      0.146     0.0889
              Zucchini          1          4      0.525        0.5      0.631      0.429
                Apples          3          4          1          0          0          0
             Aubergine          2          4          1          0      0.306       0.27
                 Bacon          4          5          1          0          0          0
               Bananas          2          2          1          0          0          0
               Bazlama          2          2          1          0          0          0
       Chocolate chips          4          4          1          0     0.0357     0.0274
            Courgettes          2          2          1          0      0.506      0.506
                 Cream         13         14          1          0     0.0613     0.0485
          Cream cheese          3          3      0.838          1      0.995      0.932
                Ginger          1          2          1          0          0          0
           Green beans         11         11          1          0     0.0515     0.0334
         Green chilies         40         42       0.25     0.0119      0.202      0.177
                Lemons          2          2          1          0       0.02      0.018
         Mineral water          7          9          1          0      0.092     0.0642
                 Olive          8          8          1          0    0.00975    0.00488
                Olives          6          6          1          0     0.0748     0.0748
               Peppers          5          6          1          0     0.0615     0.0578
       Red bell pepper          1          2          1          0     0.0207     0.0186
             Red onion          1          1          1          0          0          0
                Salami          5          5          1          0      0.315        0.3
          Tomato paste         49         65          1          0     0.0564     0.0433
    Yellow bell pepper          1          1          1          0          0          0
               Yoghurt         51        100          1          0     0.0575     0.0395
             Banana_wb         58         58       0.99          1      0.995      0.909
            Blackberry         23         23      0.977          1      0.995      0.771
             Raspberry         26         26      0.978          1      0.995      0.832
              Lemon_wb         53         53      0.989          1      0.995      0.878
             Grapes_wb         49         49      0.945          1      0.995      0.822
             Tomato_wb         50         50      0.952          1      0.995      0.883
              Apple_wb         53         53      0.993          1      0.995      0.919
             Chilli_wb         52         52      0.986          1      0.995        0.8
                Chilli         46         54      0.902          1      0.994      0.857